0.00001737
0.00000592
0.00000118
0.00000079
0.00000079
0.00000079
0.00000079
0.00000079
0.00000118
0.00000118
0.00000079
0.00000079
0.00000079
0.00000079
0.00000079
0.00000079
0.00000079
0.00000079
0.00000079
0.00000040
0.00000079
0.00000040
0.00000079
0.00000079
0.00000079
0.00000079
0.00000474
0.00000079
0.00000040
0.00000079
0.00000079
0.00000079
0.00000079
0.00000040
0.00000079
0.00000118
0.00000079
0.00000079
0.00000079
0.00000079
0.00000079
0.00000079
0.00000079
0.00000040
0.00000079
0.00000079
0.00000079
0.00000079
0.00000039
0.00000079
0.00000079
0.00000039
0.00000079
0.00000079
0.00000040
0.00000079
0.00000079
0.00000079
0.00000079
0.00000079
0.00000079
0.00000040
0.00000079
0.00000079
0.00000079
0.00000079
0.00000039
0.00000079
0.00000079
0.00000039
0.00000079
0.00000079
0.00000039
0.00000079
0.00000040
0.00000079
0.00000079
0.00000040
0.00000079
0.00000040
0.00000079
0.00000039
0.00000197
0.00000079
0.00000079
0.00000079
0.00000079
0.00000079
0.00000079
0.00000079
0.00000079
0.00000079
0.00000040
0.00000079
0.00000039
0.00000079
0.00000040
0.00000079
0.00000039
0.00000079
0.00000099
